H3K18ac.wip	H2A.Z.wip	H2AK5ac.wip	H2BK12ac.wip	H2BK15ac.wip	H2BK120ac.wip	H2BK20ac.wip	H2BK5ac.wip	H3K14ac.wip	H3K23ac.wip	H3K23me2.wip	H3K27ac.wip	H3K27me3.wip	H3K36me3.wip	H3K4ac.wip	H3K4me2.wip	H3K4me3.wip	H3K56ac.wip	H3K79me1.wip	H3K79me2.wip	H3K9ac.wip	H3K9me3.wip	H4K20me1.wip	H4K5ac.wip	H4K8ac.wip	H4K91ac.wip
0.9999999999530507	0.8627319203870489	0.9448441465216151	0.9476603751160482	0.9754589163886134	0.9786607371648082	0.9754428015972549	0.9261891390848667	0.9753432191290299	0.9766932906461213	0.9736348762411553	0.712438737989951	0.8266690247409199	0.826497637010843	0.9788179612423424	0.6676489249902064	0.4516806937297918	0.9728700515913742	0.9333976340809502	0.9752525944805317	0.8312337728368817	0.9688323524468798	0.9763231343383783	0.9202686046475734	0.7425741707586349	0.9787373464359201	
0.8627319203870489	1.000000000036402	0.8732566120356838	0.8719043368217396	0.8572626480008587	0.8625365893901961	0.8573788785167755	0.8803935834621546	0.8591218498375917	0.8616379319317374	0.8549361033172378	0.7203145221314615	0.8375968175515045	0.8376820415055128	0.8634028146458428	0.6851444670819418	0.4721431995161051	0.859437758355998	0.8755233862399856	0.8573876675922758	0.8381630371874038	0.8533376449778175	0.8598518982563259	0.8627015871735095	0.7780718350794258	0.8639709851438857	
0.9448441465216151	0.8732566120356838	0.9999999999723685	0.9530917183046759	0.9392515249286275	0.9438368576392112	0.9392254385563024	0.9364763482532182	0.9398530908805034	0.9418977714819935	0.9368726362989512	0.7200782667599439	0.8323813050387014	0.8333647619428068	0.9444095002398463	0.6776040834535865	0.4601644937806172	0.941519236217893	0.9415875164458123	0.9395949105567585	0.8369544555268119	0.9326263148825158	0.9412270941611618	0.9253172236364575	0.7583374721543774	0.9448815536746045	
0.9476603751160482	0.8719043368217396	0.9530917183046759	0.9999999999793703	0.9418446358005066	0.9463787200743882	0.9417508623884214	0.9351804165978095	0.942225866448104	0.9443223180150871	0.939433431981356	0.721927551823581	0.8318909262418357	0.8319923380992202	0.9467851002931639	0.67783761161829	0.45884854405409803	0.9442842209406929	0.9401961411113624	0.9419573908903982	0.8376229665987802	0.934652341757533	0.9434117263559019	0.9270557375310049	0.7549374898047043	0.9471821224150165	
0.9754589163886134	0.8572626480008587	0.9392515249286275	0.9418446358005066	0.9999999999908054	0.9764897739415273	0.9888493003138459	0.9202493720762899	0.9856128453443773	0.9809562253228958	0.9879253304732862	0.7058812342958936	0.8229795478935624	0.8225529242839507	0.97527090060103	0.6616795837760674	0.44772694653388	0.9700846788572719	0.9288249013191168	0.9833218514441493	0.826518119834682	0.97919232148366	0.980760674551459	0.9145888051585143	0.7354614280523224	0.9750007176085678	
0.9786607371648082	0.8625365893901961	0.9438368576392112	0.9463787200743882	0.9764897739415273	1.000000000055424	0.9766358813041855	0.9255019450480523	0.9763539524108598	0.9777649134231793	0.9749567039706644	0.7107611822257002	0.8265262646190681	0.8267258263116866	0.9784589904901537	0.6665007294504269	0.4516412492707872	0.9727645631407466	0.9332120183256406	0.9764747910423215	0.8306132735173476	0.9704344277907546	0.9775233424466917	0.9185697253752688	0.7417839213360569	0.9782863769093122	
0.9754428015972549	0.8573788785167755	0.9392254385563024	0.9417508623884214	0.9888493003138459	0.9766358813041855	0.9999999999693303	0.9203906438447549	0.9856360237985553	0.9809283121751793	0.9877053234802093	0.7059105182868042	0.8231065512555633	0.8229234975099151	0.9752845139466062	0.6617069869308077	0.4478725744874081	0.9701859287369343	0.92898232523609	0.9834881931829498	0.8265813420626618	0.9793788160576042	0.9808367853023552	0.9144790846470572	0.7356463430161584	0.9750802833950889	
0.9261891390848667	0.8803935834621546	0.9364763482532182	0.9351804165978095	0.9202493720762899	0.9255019450480523	0.9203906438447549	1.0000000000711295	0.9215691849745808	0.9239187651537922	0.9178209592994371	0.7220796588710768	0.8349724248802497	0.8382087686258208	0.9261861136144197	0.6817342215908805	0.4656445491972989	0.9225701721519174	0.9366819575137363	0.9207538863227076	0.8387321466962382	0.9142341726921908	0.9230375148665411	0.9249128736888177	0.7692007308304735	0.9268410385702284	
0.9753432191290299	0.8591218498375917	0.9398530908805034	0.942225866448104	0.9856128453443773	0.9763539524108598	0.9856360237985553	0.9215691849745808	0.9999999999476298	0.9819939737046605	0.98437878917255	0.706043270743357	0.8231969047071384	0.8230396075404148	0.9753111837792853	0.6624622369716924	0.4485233323620127	0.9695869347119987	0.9301384610573885	0.9831000931402243	0.8263982799950995	0.9792778079836176	0.9807805898396147	0.9140451971575972	0.7371175599956268	0.9751006143455707	
0.9766932906461213	0.8616379319317374	0.9418977714819935	0.9443223180150871	0.9809562253228958	0.9777649134231793	0.9809283121751793	0.9239187651537922	0.9819939737046605	0.9999999999429662	0.9795122059133523	0.7076207584726909	0.824830947852294	0.8248508597620029	0.9768069695488227	0.664067257349168	0.4500786701519166	0.9708008135111904	0.9323693796342271	0.9808753481934955	0.8282659332944312	0.9756966901207592	0.9819308469689921	0.9154203620900562	0.7393498435416562	0.9766313827086629	
0.9736348762411553	0.8549361033172378	0.9368726362989512	0.939433431981356	0.9879253304732862	0.9749567039706644	0.9877053234802093	0.9178209592994371	0.98437878917255	0.9795122059133523	0.9999999999894285	0.7038734445416064	0.8216414735954616	0.8212582471286247	0.9736070182128111	0.6597663282802038	0.44644276192644017	0.9690933033126394	0.9270219660456172	0.9824658712262515	0.8248901482854412	0.9789893321505851	0.979624352335148	0.9126429375695202	0.7329507973571294	0.9732205773580884	
0.712438737989951	0.7203145221314615	0.7200782667599439	0.721927551823581	0.7058812342958936	0.7107611822257002	0.7059105182868042	0.7220796588710768	0.706043270743357	0.7076207584726909	0.7038734445416064	1.0000000000302498	0.7148253664772461	0.7238949768379677	0.7106468086387456	0.7234694728850413	0.4752671265540053	0.710171437108429	0.715337688564953	0.7068550540376988	0.7280442817383527	0.699349147889434	0.7071640657089032	0.7338823687025727	0.7384013678526228	0.7109603661347572	
0.8266690247409199	0.8375968175515045	0.8323813050387014	0.8318909262418357	0.8229795478935624	0.8265262646190681	0.8231065512555633	0.8349724248802497	0.8231969047071384	0.824830947852294	0.8216414735954616	0.7148253664772461	0.9999999999511204	0.8361112431764082	0.8267040782887974	0.6729137575364026	0.46313523235296694	0.8259052220787363	0.8327490674626105	0.8238965228350175	0.8365514679174155	0.8198461950235744	0.8250415184704999	0.8288147811482632	0.7551901535794527	0.8267026469836445	
0.826497637010843	0.8376820415055128	0.8333647619428068	0.8319923380992202	0.8225529242839507	0.8267258263116866	0.8229234975099151	0.8382087686258208	0.8230396075404148	0.8248508597620029	0.8212582471286247	0.7238949768379677	0.8361112431764082	0.9999999999474083	0.8268966058142236	0.6824863448025558	0.4732556714996225	0.8263326610999984	0.8367414445371298	0.8242559287327271	0.8370299421794367	0.8192419919910959	0.8253691770943381	0.8303491634562558	0.768199801786333	0.8270455254704032	
0.9788179612423424	0.8634028146458428	0.9444095002398463	0.9467851002931639	0.97527090060103	0.9784589904901537	0.9752845139466062	0.9261861136144197	0.9753111837792853	0.9768069695488227	0.9736070182128111	0.7106468086387456	0.8267040782887974	0.8268966058142236	1.0000000000293374	0.6667698585212075	0.45206009922800433	0.9726286388624479	0.9339138330203998	0.9752349128650821	0.8305353031176859	0.9692563039780222	0.9763908383855139	0.9182399775650111	0.7427267075628863	0.9784814027083114	
0.6676489249902064	0.6851444670819418	0.6776040834535865	0.67783761161829	0.6616795837760674	0.6665007294504269	0.6617069869308077	0.6817342215908805	0.6624622369716924	0.664067257349168	0.6597663282802038	0.7234694728850413	0.6729137575364026	0.6824863448025558	0.6667698585212075	1.000000000018042	0.49345066900486784	0.665248218635598	0.6756952546834973	0.6627711782289674	0.6835108286230976	0.6562207316677604	0.6635163164763734	0.6840667125530296	0.7166077542815691	0.6671054781496197	
0.4516806937297918	0.4721431995161051	0.4601644937806172	0.45884854405409803	0.44772694653388	0.4516412492707872	0.4478725744874081	0.4656445491972989	0.4485233323620127	0.4500786701519166	0.44644276192644017	0.4752671265540053	0.46313523235296694	0.4732556714996225	0.45206009922800433	0.49345066900486784	1.000000000016531	0.45080825165938165	0.46270293432438764	0.4488885841622285	0.46606755366509756	0.44552547277044696	0.45005161076344824	0.4554149449354085	0.5085144126054734	0.4521425528127496	
0.9728700515913742	0.859437758355998	0.941519236217893	0.9442842209406929	0.9700846788572719	0.9727645631407466	0.9701859287369343	0.9225701721519174	0.9695869347119987	0.9708008135111904	0.9690933033126394	0.710171437108429	0.8259052220787363	0.8263326610999984	0.9726286388624479	0.665248218635598	0.45080825165938165	0.9999999999966501	0.9311064993408925	0.9705546975103689	0.8302301577797325	0.9648365371652623	0.9713593777275253	0.9178969121071163	0.738073279234995	0.9725044281908444	
0.9333976340809502	0.8755233862399856	0.9415875164458123	0.9401961411113624	0.9288249013191168	0.9332120183256406	0.92898232523609	0.9366819575137363	0.9301384610573885	0.9323693796342271	0.9270219660456172	0.715337688564953	0.8327490674626105	0.8367414445371298	0.9339138330203998	0.6756952546834973	0.46270293432438764	0.9311064993408925	1.0000000000276792	0.9296895974120494	0.8356755074553097	0.9238617658815518	0.9316750306553899	0.9197733820274318	0.7612316268708912	0.9343092238233117	
0.9752525944805317	0.8573876675922758	0.9395949105567585	0.9419573908903982	0.9833218514441493	0.9764747910423215	0.9834881931829498	0.9207538863227076	0.9831000931402243	0.9808753481934955	0.9824658712262515	0.7068550540376988	0.8238965228350175	0.8242559287327271	0.9752349128650821	0.6627711782289674	0.4488885841622285	0.9705546975103689	0.9296895974120494	0.9999999999733293	0.8274833648262163	0.9786153224303925	0.9811333554393413	0.9151325760069233	0.7366799699588826	0.9748823631039754	
0.8312337728368817	0.8381630371874038	0.8369544555268119	0.8376229665987802	0.826518119834682	0.8306132735173476	0.8265813420626618	0.8387321466962382	0.8263982799950995	0.8282659332944312	0.8248901482854412	0.7280442817383527	0.8365514679174155	0.8370299421794367	0.8305353031176859	0.6835108286230976	0.46606755366509756	0.8302301577797325	0.8356755074553097	0.8274833648262163	1.0000000000554286	0.8207463710212466	0.8284466337823213	0.8394316791271582	0.7546866769750586	0.830469203637124	
0.9688323524468798	0.8533376449778175	0.9326263148825158	0.934652341757533	0.97919232148366	0.9704344277907546	0.9793788160576042	0.9142341726921908	0.9792778079836176	0.9756966901207592	0.9789893321505851	0.699349147889434	0.8198461950235744	0.8192419919910959	0.9692563039780222	0.6562207316677604	0.44552547277044696	0.9648365371652623	0.9238617658815518	0.9786153224303925	0.8207463710212466	1.0000000000458986	0.9756646053535214	0.9070028429615912	0.7316830227020971	0.9688774153222138	
0.9763231343383783	0.8598518982563259	0.9412270941611618	0.9434117263559019	0.980760674551459	0.9775233424466917	0.9808367853023552	0.9230375148665411	0.9807805898396147	0.9819308469689921	0.979624352335148	0.7071640657089032	0.8250415184704999	0.8253691770943381	0.9763908383855139	0.6635163164763734	0.45005161076344824	0.9713593777275253	0.9316750306553899	0.9811333554393413	0.8284466337823213	0.9756646053535214	0.999999999934537	0.915363061994167	0.7393763479426154	0.976180485169547	
0.9202686046475734	0.8627015871735095	0.9253172236364575	0.9270557375310049	0.9145888051585143	0.9185697253752688	0.9144790846470572	0.9249128736888177	0.9140451971575972	0.9154203620900562	0.9126429375695202	0.7338823687025727	0.8288147811482632	0.8303491634562558	0.9182399775650111	0.6840667125530296	0.4554149449354085	0.9178969121071163	0.9197733820274318	0.9151325760069233	0.8394316791271582	0.9070028429615912	0.915363061994167	1.0000000000121045	0.747640429853842	0.9183609970168591	
0.7425741707586349	0.7780718350794258	0.7583374721543774	0.7549374898047043	0.7354614280523224	0.7417839213360569	0.7356463430161584	0.7692007308304735	0.7371175599956268	0.7393498435416562	0.7329507973571294	0.7384013678526228	0.7551901535794527	0.768199801786333	0.7427267075628863	0.7166077542815691	0.5085144126054734	0.738073279234995	0.7612316268708912	0.7366799699588826	0.7546866769750586	0.7316830227020971	0.7393763479426154	0.747640429853842	0.9999999999871921	0.7434685295586139	
0.9787373464359201	0.8639709851438857	0.9448815536746045	0.9471821224150165	0.9750007176085678	0.9782863769093122	0.9750802833950889	0.9268410385702284	0.9751006143455707	0.9766313827086629	0.9732205773580884	0.7109603661347572	0.8267026469836445	0.8270455254704032	0.9784814027083114	0.6671054781496197	0.4521425528127496	0.9725044281908444	0.9343092238233117	0.9748823631039754	0.830469203637124	0.9688774153222138	0.976180485169547	0.9183609970168591	0.7434685295586139	0.9999999999497664	
